-333
-62
-67
-73
-79
-84
-90
-96
-102
-107
-113
-118
-123
-128
-132
-136
-140
-143
-146
-148
-150
-151
-151
-151
-150
-147
-144
-141
-136
-130
-123
-114
-105
-94
-83
-69
-55
-39
-22
-4
15
37
59
83
109
136
164
194
225
258
291
327
363
401
439
479
520
562
605
649
693
738
784
831
877
925
972
1020
1068
1115
1163
1210
1257
1304
1350
1395
1440
1484
1527
1568
1609
1648
1686
1723
1758
1790
1822
1852
1880
1906
1930
1952
1971
1989
2004
2017
2027
2036
2042
2045
2047
2045
2042
2036
2027
2017
2004
1989
1971
1952
1930
1906
1880
1852
1822
1790
1758
1723
1686
1648
1609
1568
1527
1484
1440
1395
1350
1304
1257
1210
1163
1115
1068
1020
972
925
877
831
784
738
693
649
605
562
520
479
439
401
363
327
291
258
225
194
164
136
109
83
59
37
15
-4
-22
-39
-55
-69
-83
-94
-105
-114
-123
-130
-136
-141
-144
-147
-150
-151
-151
-151
-150
-148
-146
-143
-140
-136
-132
-128
-123
-118
-113
-107
-102
-96
-90
-84
-79
-73
-67
-62
-333
