0
0
0
0
0
0
0
0
0
0
0
0
0
0
0
0
0
0
0
0
0
0
0
0
0
0
0
0
0
0
0
0
0
0
0
0
0
0
0
0
0
0
0
0
0
0
0
0
0
0
0
0
0
0
0
0
0
0
0
0
0
0
0
0
0
0
0
0
0
0
0
0
0
0
0
0
0
0
0
0
0
0
0
0
0
0
0
0
0
0
0
0
0
0
0
0
0
0
0
0
0
0
0
0
0
0
0
0
0
0
0
0
0
0
0
0
0
0
0
0
0
0
0
0
0
0
0
0
0
0
0
0
0
0
0
0
0
0
0
0
0
0
0
0
0
0
0
0
0
0
0
0
0
0
0
0
0
0
0
0
0
0
0
0
0
0
0
0
0
0
0
0
0
0
0
0
0
0
0
0
0
0
0
0
0
0
0
0
0
0
0
0
0
0
0
0
0
0
0
0
0
1
0
0
0
0
0
0
0
0
0
0
0
0
0
0
0
0
0
0
0
0
0
0
0
0
0
0
0
0
0
0
0
0
0
0
0
0
0
0
0
0
0
0
0
0
0
0
0
0
0
0
0
0
0
0
0
0
0
0
0
0
0
0
0
0
0
0
0
0
0
0
0
0
0
0
0
0
0
0
0
0
0
0
0
0
0
0
0
0
0
0
0
0
0
0
0
0
0
0
0
0
0
0
0
0
0
0
0
0
0
0
0
0
0
0
0
0
0
0
0
0
0
0
0
0
0
0
0
0
0
0
0
0
0
0
0
0
0
0
0
0
0
0
0
0
0
0
0
0
0
0
0
0
0
0
0
0
0
0
0
0
0
0
0
0
0
0
0
0
0
0
0
0
0
0
0
0
0
0
0
0
0
0
0
0
0
0
0
0
0
0
0
0
0
0
0
0
0
0
0
0
1369
-1980
1338
-1964
64
1242
-380
-1537
-1542
-1008
-509
-122
-1191
145
423
0
884
1265
1471
-1665
-1023
493
-1426
852
-84
-1792
-336
-1582
181
1286
1709
886
814
-819
-1202
717
-1462
253
307
-1627
-627
990
1875
-442
-217
-909
-580
702
602
509
-968
1375
-762
201
294
-1127
-1545
919
-932
-1952
78
722
-1262
-2024
-1100
-472
523
-782
-1482
-2020
-185
-1961
1301
-515
1560
607
-806
1457
1297
-782
1061
500
-1067
-1440
-626
431
1466
-274
1547
773
1615
1148
-1367
276
1184
1610
-1325
1115
-1209
-2038
760
1515
1227
-698
-1538
709
-292
1394
1375
802
1349
1871
-1441
-1143
635
1430
-1383
949
325
461
-595
-136
-1674
-145
751
563
1266
640
-1807
-1103
236
1858
1092
541
1793
-955
699
408
587
-526
-532
60
739
-1362
1406
-431
-493
-547
74
1488
920
1646
-143
-579
-1723
887
1025
279
-1369
1127
1069
241
1230
684
-1137
-1413
339
579
105
401
61
-82
-1718
-1760
-1263
1866
1722
-564
717
-1599
-1508
1989
-149
-50
33
1544
-1308
-412
-1928
-721
383
210
365
1602
-1962
1702
1265
1659
1820
224
1557
