0
0
0
0
0
0
0
0
0
0
0
0
0
0
0
0
0
0
0
0
0
0
0
0
0
0
0
0
0
0
0
0
0
0
0
0
0
0
0
0
0
0
0
0
0
0
0
0
0
0
0
0
0
0
0
0
0
0
0
0
0
0
0
0
0
0
0
0
0
0
0
0
0
0
0
0
0
0
0
0
0
0
0
0
0
0
0
0
0
0
0
0
0
0
0
0
0
0
0
0
0
1
0
0
0
0
0
0
0
0
0
0
0
0
0
0
0
0
0
0
0
0
0
0
0
0
0
0
0
0
0
0
0
0
0
0
0
0
0
0
0
0
0
0
0
0
0
0
0
0
0
0
0
0
0
0
0
0
0
0
0
0
0
0
0
0
0
0
0
0
0
0
0
0
0
0
0
0
0
0
0
0
0
0
0
0
0
0
0
0
0
0
0
0
0
0
0
0
0
0
0
0
-1212
1139
-1062
-103
1549
-1782
1767
-209
1554
-1299
-899
645
1072
745
-337
-2035
-2031
-919
1137
583
69
-276
90
-989
1518
1366
693
1317
-763
60
1077
1926
-1268
1814
-636
1446
39
-1498
191
-535
931
267
1829
-1186
-424
-1239
-1664
1790
-1588
-914
-593
-771
1241
1011
902
-1837
-1590
1498
-424
-1505
380
1737
-1091
-515
-279
1783
342
1823
568
1029
2025
62
69
31
-1471
928
-598
1192
1125
560
998
479
1543
-989
162
-447
-830
184
660
1574
551
1868
1697
530
-1818
1975
-1300
533
1881
-155
-1658
