-0.0029944504774001967,	-0.0005610168175171048,	-0.0006106655850907794,	-0.00066116252685701,	-0.0007122485409445989,	-0.0007637949949503071,	-0.0008152785149928121,	-0.0008666783529604022,	-0.0009174759457065263,	-0.0009674356843710482,	-0.0010163166317556439,	-0.0010635519763624547,	-0.0011088609593096147,	-0.001151859929336281,	-0.0011921539128871568,	-0.0012293122855277082,	-0.001262771608073789,	-0.0012922384153777,	-0.0013173014044408626,	-0.0013374765250266725,	-0.0013522931028295973,	-0.0013612022368343622,	-0.0013639805117523073,	-0.0013599483214112977,	-0.001348522844208826,	-0.0013297494208337267,	-0.0013026840553401013,	-0.001267308372378601,	-0.0012230254450325679,	-0.0011690993788971993,	-0.0011064348438558956,	-0.0010316859487848609,	-0.0009483085668867393,	-0.0008535044081396131,	-0.000746776953278908,	-0.0006288887471142425,	-0.0004996096884022728,	-0.00035840088777713646,	-0.00020456044783489615,	-0.00003801840673965066,	0.00014100437505105339,	0.0003325253682735947,	0.0005365275361655741,	0.0007532668769464539,	0.0009829327510239442,	0.0012254689194159238,	0.0014807179835745208,	0.0017482459349396782,	0.002027952244622428,	0.0023198908639370033,	0.0026238248548831533,	0.0029394034644096905,	0.0032660499587760603,	0.003603965903614719,	0.003952849541672188,	0.004310980143660092,	0.004679345686540102,	0.005056193830376547,	0.005441449387955273,	0.0058344345814689644,	0.00623419947720828,	0.006640720208718439,	0.0070524225112834835,	0.007469266062358762,	0.007890376001556574,	0.008314641903232809,	0.00874154426990267,	0.009170220205569228,	0.009599717004548647,	0.010028914954949671,	0.01045678537320309,	0.010882505771642072,	0.01130501610654959,	0.011723404732717718,	0.012136856611455792,	0.012544643452131023,	0.01294612527218056,	0.013340167239830175,	0.013725540884199668,	0.014100814659865176,	0.014464519809832401,	0.014816323452798208,	0.015156560915788812,	0.015485987879932495,	0.015802108074738988,	0.016095887976702004,	0.01638260061685178,	0.01664901813373988,	0.016899452429022233,	0.017132350235106328,	0.017346968932575715,	0.01754304470687904,	0.017719672397252556,	0.017876710821841377,	0.018013636910568214,	0.018129952950104403,	0.018225615313545676,	0.018300305626010843,	0.018353825153385222,	0.01838598548043724,	0.018396675828781635,	0.01838598548043724,	0.018353825153385222,	0.018300305626010843,	0.018225615313545676,	0.018129952950104403,	0.018013636910568214,	0.017876710821841377,	0.017719672397252556,	0.01754304470687904,	0.017346968932575715,	0.017132350235106328,	0.016899452429022233,	0.01664901813373988,	0.01638260061685178,	0.016095887976702004,	0.015802108074738988,	0.015485987879932495,	0.015156560915788812,	0.014816323452798208,	0.014464519809832401,	0.014100814659865176,	0.013725540884199668,	0.013340167239830175,	0.01294612527218056,	0.012544643452131023,	0.012136856611455792,	0.011723404732717718,	0.01130501610654959,	0.010882505771642072,	0.01045678537320309,	0.010028914954949671,	0.009599717004548647,	0.009170220205569228,	0.00874154426990267,	0.008314641903232809,	0.007890376001556574,	0.007469266062358762,	0.0070524225112834835,	0.006640720208718439,	0.00623419947720828,	0.0058344345814689644,	0.005441449387955273,	0.005056193830376547,	0.004679345686540102,	0.004310980143660092,	0.003952849541672188,	0.003603965903614719,	0.0032660499587760603,	0.0029394034644096905,	0.0026238248548831533,	0.0023198908639370033,	0.002027952244622428,	0.0017482459349396782,	0.0014807179835745208,	0.0012254689194159238,	0.0009829327510239442,	0.0007532668769464539,	0.0005365275361655741,	0.0003325253682735947,	0.00014100437505105339,	-0.00003801840673965066,	-0.00020456044783489615,	-0.00035840088777713646,	-0.0004996096884022728,	-0.0006288887471142425,	-0.000746776953278908,	-0.0008535044081396131,	-0.0009483085668867393,	-0.0010316859487848609,	-0.0011064348438558956,	-0.0011690993788971993,	-0.0012230254450325679,	-0.001267308372378601,	-0.0013026840553401013,	-0.0013297494208337267,	-0.001348522844208826,	-0.0013599483214112977,	-0.0013639805117523073,	-0.0013612022368343622,	-0.0013522931028295973,	-0.0013374765250266725,	-0.0013173014044408626,	-0.0012922384153777,	-0.001262771608073789,	-0.0012293122855277082,	-0.0011921539128871568,	-0.001151859929336281,	-0.0011088609593096147,	-0.0010635519763624547,	-0.0010163166317556439,	-0.0009674356843710482,	-0.0009174759457065263,	-0.0008666783529604022,	-0.0008152785149928121,	-0.0007637949949503071,	-0.0007122485409445989,	-0.00066116252685701,	-0.0006106655850907794,	-0.0005610168175171048,	-0.00299445


#FIR filter designed with
# http://t-filter.appspot.com

#sampling frequency: 50000 Hz

# 0 Hz - 300 Hz
# gain = 1
#  desired ripple = 5 dB
#  actual ripple = 2.2430487062719484 dB

# 700 Hz - 25000 Hz
#  gain = 0
#  desired attenuation = -40 dB
#  actual attenuation = -45.281342685551046 dBn
