0
0
0
0
0
0
0
0
0
0
0
0
0
0
0
0
0
0
0
0
0
0
0
0
0
0
0
0
0
0
0
0
0
0
0
0
0
0
0
0
0
0
0
0
0
0
0
0
0
0
0
0
0
0
0
0
0
0
0
0
0
0
0
0
0
0
0
0
0
0
0
0
0
0
0
0
0
0
0
0
0
0
0
0
0
0
0
0
0
0
0
0
0
0
0
0
0
0
0
0
0
0
0
0
0
0
0
0
0
0
0
0
0
0
0
0
0
0
0
0
0
0
0
0
0
0
0
0
0
0
0
0
0
0
0
0
0
0
0
0
0
0
0
0
0
0
0
0
0
0
0
0
0
0
0
0
0
0
0
0
0
0
0
0
0
0
0
0
0
0
0
0
0
0
0
0
0
0
0
0
0
0
0
0
0
0
0
0
0
0
0
0
0
0
0
0
0
0
0
0
0
1
0
0
0
0
0
0
0
0
0
0
0
0
0
0
0
0
0
0
0
0
0
0
0
0
0
0
0
0
0
0
0
0
0
0
0
0
0
0
0
0
0
0
0
0
0
0
0
0
0
0
0
0
0
0
0
0
0
0
0
0
0
0
0
0
0
0
0
0
0
0
0
0
0
0
0
0
0
0
0
0
0
0
0
0
0
0
0
0
0
0
0
0
0
0
0
0
0
0
0
0
0
0
0
0
0
0
0
0
0
0
0
0
0
0
0
0
0
0
0
0
0
0
0
0
0
0
0
0
0
0
0
0
0
0
0
0
0
0
0
0
0
0
0
0
0
0
0
0
0
0
0
0
0
0
0
0
0
0
0
0
0
0
0
0
0
0
0
0
0
0
0
0
0
0
0
0
0
0
0
0
0
0
0
0
0
0
0
0
0
0
0
0
0
0
0
0
0
0
0
0
804
-333
-426
916
-8
637
1515
1140
-1288
1853
-1254
1046
190
-1002
-593
585
1206
-1300
934
273
187
-1431
181
-468
-1515
146
1203
-1679
785
1160
-1118
-32
842
1020
-999
651
1229
-1925
-183
-1117
1470
1719
1789
1375
1181
-1486
1470
-201
1791
-342
-282
-175
-890
1569
408
125
-935
965
1008
-836
-2003
-666
326
-1917
1056
681
-34
1857
-822
862
1680
1996
500
-1110
1120
-13
-1111
1524
1839
-274
-609
687
-627
-1144
-1863
-1806
-876
-494
509
901
220
1805
1928
-645
611
66
368
1421
374
534
-1129
-1053
928
-1164
1581
1350
183
-669
202
-224
1795
407
-1263
895
1258
-160
481
1760
771
1169
987
-2035
-1707
901
893
-640
-422
233
255
1844
433
-956
-1085
537
-563
1613
1085
601
357
-219
-1543
517
1349
1360
2034
93
420
-91
-244
1076
418
-1763
313
880
1279
-1006
-963
-1205
264
-1792
275
1109
-1399
1415
282
-1217
-764
-441
-463
669
362
-1780
982
-1569
480
786
-68
1320
-881
-142
982
-433
1910
-1392
-158
1878
-420
88
24
-1468
604
1643
-1052
-2018
1083
-1496
925
-1549
-1197
679
675
